run_bin=./build/run
nn=12
ratio=2.5
ratio_fixed=2.50
logp=60
start_w=1
max_w=256
th_cnt=12
coarse_trials=100
full_trials=100000
coarse_min_fr=0.01
coarse_max_fr=0.90
target_log2_fr=-9
target_fr=0.001953125
run_dir=tuning/okvs_width/20260404_084444_nn12_ratio2.50
coarse_result=found
coarse_start_width=5
coarse_start_failure_rate=0.660000
full_result=threshold_reached
full_stop_width=9
full_stop_failure_rate=0.001270
width_test_data_file=tuning/okvs_width/12_2.50_60_100000.tsv
fit_points=5
fit_slope=-2.2334584734100211
fit_intercept=10.606078530213891
fit_model=log2_failure_rate ~= -2.2334584734100211 * w + 10.606078530213891
