run_bin=./build/run
nn=10
ratio=2.8
ratio_fixed=2.80
logp=60
start_w=1
max_w=256
th_cnt=12
coarse_trials=100
full_trials=100000
coarse_min_fr=0.01
coarse_max_fr=0.90
target_log2_fr=-9
target_fr=0.001953125
run_dir=tuning/okvs_width/20260404_035903_nn10_ratio2.80
coarse_result=found
coarse_start_width=4
coarse_start_failure_rate=0.520000
full_result=threshold_reached
full_stop_width=8
full_stop_failure_rate=0.000500
width_test_data_file=tuning/okvs_width/10_2.80_60_100000.tsv
fit_points=5
fit_slope=-2.5022747860267511
fit_intercept=9.0824224833781457
fit_model=log2_failure_rate ~= -2.5022747860267511 * w + 9.0824224833781457
