run_bin=./build/run
nn=10
ratio=1.5
ratio_fixed=1.50
logp=60
start_w=1
max_w=256
th_cnt=12
coarse_trials=100
full_trials=100000
coarse_min_fr=0.01
coarse_max_fr=0.90
target_log2_fr=-5
target_fr=0.03125
run_dir=tuning/okvs_width/nn10_ratio1.50_260404_105606
coarse_result=found
coarse_start_width=6
coarse_start_failure_rate=0.880000
full_result=threshold_reached
full_stop_width=12
full_stop_failure_rate=0.022370
width_test_data_file=tuning/okvs_width/10_1.50_60_100000.tsv
fit_points=7
fit_slope=-0.91680875590922206
fit_intercept=5.7402271147031332
fit_model=log2_failure_rate ~= -0.91680875590922206 * w + 5.7402271147031332
