run_bin=./build/run
nn=10
ratio=2.7
ratio_fixed=2.70
logp=60
start_w=1
max_w=256
th_cnt=12
coarse_trials=100
full_trials=100000
coarse_min_fr=0.01
coarse_max_fr=0.90
target_log2_fr=-9
target_fr=0.001953125
run_dir=tuning/okvs_width/20260404_035840_nn10_ratio2.70
coarse_result=found
coarse_start_width=4
coarse_start_failure_rate=0.540000
full_result=threshold_reached
full_stop_width=8
full_stop_failure_rate=0.000830
width_test_data_file=tuning/okvs_width/10_2.70_60_100000.tsv
fit_points=5
fit_slope=-2.3702935378275085
fit_intercept=8.7214767044118648
fit_model=log2_failure_rate ~= -2.3702935378275085 * w + 8.7214767044118648
