run_bin=./build/run
nn=10
ratio=1.8
ratio_fixed=1.80
logp=60
start_w=1
max_w=256
th_cnt=12
coarse_trials=100
full_trials=100000
coarse_min_fr=0.01
coarse_max_fr=0.90
target_log2_fr=-5
target_fr=0.03125
run_dir=tuning/okvs_width/nn10_ratio1.80_260404_105730
coarse_result=found
coarse_start_width=5
coarse_start_failure_rate=0.830000
full_result=threshold_reached
full_stop_width=9
full_stop_failure_rate=0.021670
width_test_data_file=tuning/okvs_width/10_1.80_60_100000.tsv
fit_points=5
fit_slope=-1.3341468562062244
fit_intercept=6.6690901339540316
fit_model=log2_failure_rate ~= -1.3341468562062244 * w + 6.6690901339540316
