run_bin=./build/run
nn=10
ratio=1.2
ratio_fixed=1.20
logp=60
start_w=15
max_w=256
th_cnt=12
coarse_trials=100
full_trials=100000
coarse_min_fr=0.01
coarse_max_fr=0.90
target_log2_fr=-5
target_fr=0.03125
run_dir=tuning/okvs_width/nn10_ratio1.20_260404_105309
coarse_result=found
coarse_start_width=15
coarse_start_failure_rate=0.240000
full_result=threshold_reached
full_stop_width=22
full_stop_failure_rate=0.024420
width_test_data_file=tuning/okvs_width/10_1.20_60_100000.tsv
fit_points=8
fit_slope=-0.4933980913776877
fit_intercept=5.5113796703195668
fit_model=log2_failure_rate ~= -0.4933980913776877 * w + 5.5113796703195668
