run_bin=./build/run
nn=10
ratio=2.3
ratio_fixed=2.30
logp=60
start_w=1
max_w=256
th_cnt=12
coarse_trials=100
full_trials=100000
coarse_min_fr=0.01
coarse_max_fr=0.90
target_log2_fr=-9
target_fr=0.001953125
run_dir=tuning/okvs_width/20260404_035704_nn10_ratio2.30
coarse_result=found
coarse_start_width=4
coarse_start_failure_rate=0.850000
full_result=threshold_reached
full_stop_width=9
full_stop_failure_rate=0.000930
width_test_data_file=tuning/okvs_width/10_2.30_60_100000.tsv
fit_points=6
fit_slope=-1.9883904069780263
fit_intercept=8.0455644469287488
fit_model=log2_failure_rate ~= -1.9883904069780263 * w + 8.0455644469287488
