run_bin=./build/run
nn=10
ratio=1.1
ratio_fixed=1.10
logp=60
start_w=30
max_w=256
th_cnt=12
coarse_trials=100
full_trials=100000
coarse_min_fr=0.01
coarse_max_fr=0.90
target_log2_fr=-9
target_fr=0.001953125
run_dir=tuning/okvs_width/20260404_104502_nn10_ratio1.10
coarse_result=found
coarse_start_width=30
coarse_start_failure_rate=0.050000
full_result=threshold_reached
full_stop_width=50
full_stop_failure_rate=0.001560
width_test_data_file=tuning/okvs_width/10_1.10_60_100000.tsv
fit_points=21
fit_slope=-0.2752680802903929
fit_intercept=4.5625885826830306
fit_model=log2_failure_rate ~= -0.2752680802903929 * w + 4.5625885826830306
