run_bin=./build/run
nn=10
ratio=1.3
ratio_fixed=1.30
logp=60
start_w=10
max_w=256
th_cnt=12
coarse_trials=100
full_trials=100000
coarse_min_fr=0.01
coarse_max_fr=0.90
target_log2_fr=-6
target_fr=0.015625000000000007
run_dir=tuning/okvs_width/nn10_ratio1.30_260404_105331
coarse_result=found
coarse_start_width=10
coarse_start_failure_rate=0.480000
full_result=threshold_reached
full_stop_width=18
full_stop_failure_rate=0.011270
width_test_data_file=tuning/okvs_width/10_1.30_60_100000.tsv
fit_points=9
fit_slope=-0.69558537985194646
fit_intercept=6.1678238027736549
fit_model=log2_failure_rate ~= -0.69558537985194646 * w + 6.1678238027736549
