run_bin=./build/run
nn=10
ratio=3.0
ratio_fixed=3.00
logp=60
start_w=1
max_w=256
th_cnt=12
coarse_trials=100
full_trials=100000
coarse_min_fr=0.01
coarse_max_fr=0.90
target_log2_fr=-9
target_fr=0.001953125
run_dir=tuning/okvs_width/20260404_035943_nn10_ratio3.00
coarse_result=found
coarse_start_width=4
coarse_start_failure_rate=0.420000
full_result=threshold_reached
full_stop_width=7
full_stop_failure_rate=0.001450
width_test_data_file=tuning/okvs_width/10_3.00_60_100000.tsv
fit_points=4
fit_slope=-2.6760470322936611
fit_intercept=9.3650752982728314
fit_model=log2_failure_rate ~= -2.6760470322936611 * w + 9.3650752982728314
