run_bin=./build/run
nn=10
ratio=1.9
ratio_fixed=1.90
logp=60
start_w=1
max_w=256
th_cnt=12
coarse_trials=100
full_trials=100000
coarse_min_fr=0.01
coarse_max_fr=0.90
target_log2_fr=-5
target_fr=0.03125
run_dir=tuning/okvs_width/nn10_ratio1.90_260404_105752
coarse_result=found
coarse_start_width=5
coarse_start_failure_rate=0.710000
full_result=threshold_reached
full_stop_width=9
full_stop_failure_rate=0.010990
width_test_data_file=tuning/okvs_width/10_1.90_60_100000.tsv
fit_points=5
fit_slope=-1.5228330837142925
fit_intercept=7.3517581583916778
fit_model=log2_failure_rate ~= -1.5228330837142925 * w + 7.3517581583916778
